[gd_scene load_steps=7 format=3 uid="uid://dlncxbyu6knnu"]

[ext_resource type="Script" path="res://game/world/World.cs" id="1_5ko7u"]
[ext_resource type="Environment" uid="uid://215iivnl60mc" path="res://vfx/underwater/UnderwaterEnv.tres" id="1_epucc"]
[ext_resource type="PackedScene" uid="uid://b1lqqe3xgrnta" path="res://game/world/deco/rock_formation.tscn" id="3_kdgex"]
[ext_resource type="PackedScene" uid="uid://dq55wi462pphb" path="res://game/world/floor.tscn" id="3_m0l6t"]
[ext_resource type="PackedScene" uid="uid://dqg2b05mv7nvn" path="res://game/fish/enemies/enemy.tscn" id="6_f5env"]
[ext_resource type="PackedScene" uid="uid://bqv05go3gem4b" path="res://game/world/resources/forest.tscn" id="6_xq77n"]

[node name="World" type="Node"]
script = ExtResource("1_5ko7u")

[node name="DirectionalLight3D" type="DirectionalLight3D" parent="."]
transform = Transform3D(-0.866024, -0.433016, 0.250001, 0, 0.499998, 0.866026, -0.500003, 0.749999, -0.43301, 0, 27.8105, 0)
shadow_enabled = true

[node name="WorldEnvironment" type="WorldEnvironment" parent="."]
environment = ExtResource("1_epucc")

[node name="Floor" parent="." instance=ExtResource("3_m0l6t")]

[node name="RockFormation" parent="Floor" instance=ExtResource("3_kdgex")]
transform = Transform3D(0.842565, 0, -0.538594, 0, 1, 0, 0.538594, 0, 0.842565, -2.44209, -3.05176e-05, -91.715)

[node name="RockFormation2" parent="Floor" instance=ExtResource("3_kdgex")]
transform = Transform3D(0.5, 0, 0.866025, 0, 1, 0, -0.866025, 0, 0.5, -76.4754, 0, -51.8078)

[node name="RockFormation3" parent="Floor" instance=ExtResource("3_kdgex")]
transform = Transform3D(-0.258819, 9.05292e-09, 0.965926, -4.36678e-09, 1, -1.05424e-08, -0.965926, -6.94655e-09, -0.258819, -39.6649, 0, 24.0512)

[node name="RockFormation4" parent="Floor" instance=ExtResource("3_kdgex")]
transform = Transform3D(-0.965926, 0, -0.258819, 0, 1, 0, 0.258819, 0, -0.965926, 81.375, 0, 74.8647)

[node name="RockFormation5" parent="Floor" instance=ExtResource("3_kdgex")]
transform = Transform3D(-0.258819, 0, -0.965926, 0, 1, 0, 0.965926, 0, -0.258819, 128.647, 0, -14.6034)

[node name="RockFormation6" parent="Floor" instance=ExtResource("3_kdgex")]
transform = Transform3D(0.965926, 1.48943e-09, -0.258819, -4.36679e-09, 1, -1.05424e-08, 0.258819, 1.13133e-08, 0.965926, 40.0961, 0, -198.916)

[node name="RockFormation7" parent="Floor" instance=ExtResource("3_kdgex")]
transform = Transform3D(-0.0582957, 0, 0.998299, 0, 1, 0, -0.998299, 0, -0.0582957, -208.145, 0, 29.9851)

[node name="RockFormation8" parent="Floor" instance=ExtResource("3_kdgex")]
transform = Transform3D(0.00705114, 0, 0.999975, 0, 1, 0, -0.999975, 0, 0.00705114, -175.601, 0, 98.3112)

[node name="RockFormation9" parent="Floor" instance=ExtResource("3_kdgex")]
transform = Transform3D(-0.641677, 5.28365e-09, 0.766975, -4.36678e-09, 1, -1.05424e-08, -0.766975, -1.0114e-08, -0.641677, -108.152, 0, 148.948)

[node name="RockFormation10" parent="Floor" instance=ExtResource("3_kdgex")]
transform = Transform3D(-0.889568, 0, 0.456803, 0, 1, 0, -0.456803, 0, -0.889568, -68.5418, 0, 200.746)

[node name="RockFormation11" parent="Floor" instance=ExtResource("3_kdgex")]
transform = Transform3D(-0.857823, 0, 0.513946, 0, 1, 0, -0.513946, 0, -0.857823, 6.84454, 0, 207.413)

[node name="RockFormation12" parent="Floor" instance=ExtResource("3_kdgex")]
transform = Transform3D(-0.986589, -6.02897e-09, -0.163223, -4.36679e-09, 1, -1.05424e-08, 0.163223, -9.68821e-09, -0.986589, 84.7203, 0, 175.029)

[node name="RockFormation13" parent="Floor" instance=ExtResource("3_kdgex")]
transform = Transform3D(-0.835405, 0, -0.549635, 0, 1, 0, 0.549635, 0, -0.835405, 142.973, 0, 168.363)

[node name="RockFormation14" parent="Floor" instance=ExtResource("3_kdgex")]
transform = Transform3D(-0.869529, 0, -0.493881, 0, 1, 0, 0.493881, 0, -0.869529, 185.873, 0, 106.016)

[node name="RockFormation15" parent="Floor" instance=ExtResource("3_kdgex")]
transform = Transform3D(-0.343381, -1.14008e-08, -0.939196, -4.36679e-09, 1, -1.05424e-08, 0.939196, 4.81222e-10, -0.343381, 196.001, 0, 22.2851)

[node name="RockFormation16" parent="Floor" instance=ExtResource("3_kdgex")]
transform = Transform3D(0.0491808, 0, -0.99879, 0, 1, 0, 0.99879, 0, 0.0491808, 221.054, 0, -37.9176)

[node name="RockFormation17" parent="Floor" instance=ExtResource("3_kdgex")]
transform = Transform3D(-0.0161786, 0, -0.999869, 0, 1, 0, 0.999869, 0, -0.0161786, 189.136, 0, -106.538)

[node name="RockFormation18" parent="Floor" instance=ExtResource("3_kdgex")]
transform = Transform3D(0.63465, -5.37575e-09, -0.7728, -4.36679e-09, 1, -1.05424e-08, 0.7728, 1.00654e-08, 0.63465, 122.152, 0, -157.788)

[node name="RockFormation19" parent="Floor" instance=ExtResource("3_kdgex")]
transform = Transform3D(0.998202, 3.72709e-09, -0.0599336, -4.36679e-09, 1, -1.05424e-08, 0.0599336, 1.07851e-08, 0.998202, -38.3102, 0, -199.537)

[node name="RockFormation20" parent="Floor" instance=ExtResource("3_kdgex")]
transform = Transform3D(0.942839, 0, 0.333247, 0, 1, 0, -0.333247, 0, 0.942839, -103.167, 0, -206.293)

[node name="RockFormation21" parent="Floor" instance=ExtResource("3_kdgex")]
transform = Transform3D(0.962597, 0, 0.270936, 0, 1, 0, -0.270936, 0, 0.962597, -159.767, 0, -156.054)

[node name="RockFormation22" parent="Floor" instance=ExtResource("3_kdgex")]
transform = Transform3D(0.5586, 1.11835e-08, 0.829437, -4.36678e-09, 1, -1.05424e-08, -0.829437, 2.26698e-09, 0.5586, -189.68, 0, -77.1959)

[node name="RockFormation23" parent="Floor" instance=ExtResource("3_kdgex")]
transform = Transform3D(-0.815804, 2.53449e-09, 0.578328, -4.36678e-09, 1, -1.05424e-08, -0.578328, -1.11259e-08, -0.815804, 101.282, -1.90735e-05, 48.7179)

[node name="RockFormation24" parent="Floor" instance=ExtResource("3_kdgex")]
transform = Transform3D(-0.882324, 1.10876e-09, 0.470642, -4.36679e-09, 1, -1.05424e-08, -0.470642, -1.1357e-08, -0.882324, -68.8737, -1.52588e-05, 51.2793)

[node name="Resources" type="Node" parent="."]

[node name="Forest" type="Node" parent="Resources"]

[node name="Forest" parent="Resources/Forest" instance=ExtResource("6_xq77n")]
transform = Transform3D(0.883316, 0, 0.468778, 0, 1, 0, -0.468778, 0, 0.883316, -6.62716, -0.499446, 1.75393)

[node name="Forest2" parent="Resources/Forest" instance=ExtResource("6_xq77n")]
transform = Transform3D(0.994305, 0, -0.106576, 0, 1, 0, 0.106576, 0, 0.994305, -21.0232, -0.499446, -59.4798)

[node name="Forest3" parent="Resources/Forest" instance=ExtResource("6_xq77n")]
transform = Transform3D(0.994305, 0, -0.106576, 0, 1, 0, 0.106576, 0, 0.994305, -8.45198, -0.499446, -47.5169)

[node name="Forest4" parent="Resources/Forest" instance=ExtResource("6_xq77n")]
transform = Transform3D(0.994305, 0, -0.106576, 0, 1, 0, 0.106576, 0, 0.994305, 29.4643, -0.499446, 52.8496)

[node name="Forest5" parent="Resources/Forest" instance=ExtResource("6_xq77n")]
transform = Transform3D(0.994305, 0, -0.106576, 0, 1, 0, 0.106576, 0, 0.994305, -41.9075, -0.499446, 95.8349)

[node name="Forest6" parent="Resources/Forest" instance=ExtResource("6_xq77n")]
transform = Transform3D(0.994305, 0, -0.106576, 0, 1, 0, 0.106576, 0, 0.994305, -66.6443, -0.499446, 95.0238)

[node name="Forest7" parent="Resources/Forest" instance=ExtResource("6_xq77n")]
transform = Transform3D(0.994305, 0, -0.106576, 0, 1, 0, 0.106576, 0, 0.994305, -61.1698, -0.499446, 110.839)

[node name="Forest8" parent="Resources/Forest" instance=ExtResource("6_xq77n")]
transform = Transform3D(0.994305, 0, -0.106576, 0, 1, 0, 0.106576, 0, 0.994305, 81.371, -0.499446, 121.18)

[node name="Forest9" parent="Resources/Forest" instance=ExtResource("6_xq77n")]
transform = Transform3D(0.994305, 0, -0.106576, 0, 1, 0, 0.106576, 0, 0.994305, 47.9155, -0.499446, 133.143)

[node name="Forest10" parent="Resources/Forest" instance=ExtResource("6_xq77n")]
transform = Transform3D(0.994305, 0, -0.106576, 0, 1, 0, 0.106576, 0, 0.994305, -86.7069, -0.499446, 89.6563)

[node name="Forest11" parent="Resources/Forest" instance=ExtResource("6_xq77n")]
transform = Transform3D(0.994305, 0, -0.106576, 0, 1, 0, 0.106576, 0, 0.994305, -164.752, -0.499446, -27.8842)

[node name="Forest12" parent="Resources/Forest" instance=ExtResource("6_xq77n")]
transform = Transform3D(0.994305, 0, -0.106576, 0, 1, 0, 0.106576, 0, 0.994305, -159.785, -0.499446, -12.0387)

[node name="Forest13" parent="Resources/Forest" instance=ExtResource("6_xq77n")]
transform = Transform3D(0.994305, 0, -0.106576, 0, 1, 0, 0.106576, 0, 0.994305, -154.109, -0.499446, 2.62431)

[node name="Forest14" parent="Resources/Forest" instance=ExtResource("6_xq77n")]
transform = Transform3D(0.306244, 0, -0.951953, 0, 1, 0, 0.951953, 0, 0.306244, -140.392, -0.499446, -10.6197)

[node name="Forest15" parent="Resources/Forest" instance=ExtResource("6_xq77n")]
transform = Transform3D(0.306244, 0, -0.951953, 0, 1, 0, 0.951953, 0, 0.306244, -115.087, -0.499446, -117.991)

[node name="Forest16" parent="Resources/Forest" instance=ExtResource("6_xq77n")]
transform = Transform3D(0.306244, 0, -0.951953, 0, 1, 0, 0.951953, 0, 0.306244, -118.871, -0.499446, -101.199)

[node name="Forest17" parent="Resources/Forest" instance=ExtResource("6_xq77n")]
transform = Transform3D(0.306244, 0, -0.951953, 0, 1, 0, 0.951953, 0, 0.306244, -95.2209, -0.499446, -113.024)

[node name="Forest18" parent="Resources/Forest" instance=ExtResource("6_xq77n")]
transform = Transform3D(0.306244, 0, -0.951953, 0, 1, 0, 0.951953, 0, 0.306244, 45.0236, -0.499446, -159.378)

[node name="Forest19" parent="Resources/Forest" instance=ExtResource("6_xq77n")]
transform = Transform3D(0.306244, 0, -0.951953, 0, 1, 0, 0.951953, 0, 0.306244, 27.2861, -0.499446, -153.229)

[node name="Forest20" parent="Resources/Forest" instance=ExtResource("6_xq77n")]
transform = Transform3D(-0.997442, 0, -0.0714802, 0, 1, 0, 0.0714802, 0, -0.997442, 0.0886059, -0.499446, -157.723)

[node name="Forest21" parent="Resources/Forest" instance=ExtResource("6_xq77n")]
transform = Transform3D(-0.997442, 0, -0.0714802, 0, 1, 0, 0.0714802, 0, -0.997442, -36.5689, -0.499446, -167.183)

[node name="Forest22" parent="Resources/Forest" instance=ExtResource("6_xq77n")]
transform = Transform3D(-0.997442, 0, -0.0714802, 0, 1, 0, 0.0714802, 0, -0.997442, -22.1424, -0.499446, -157.959)

[node name="Forest23" parent="Resources/Forest" instance=ExtResource("6_xq77n")]
transform = Transform3D(-0.997442, 0, -0.0714802, 0, 1, 0, 0.0714802, 0, -0.997442, 140.333, -0.499446, -67.8527)

[node name="Forest24" parent="Resources/Forest" instance=ExtResource("6_xq77n")]
transform = Transform3D(-0.484809, 0, -0.87462, 0, 1, 0, 0.87462, 0, -0.484809, 133.948, -0.499446, -78.9682)

[node name="Enemies" type="Node" parent="."]

[node name="Enemy" parent="Enemies" instance=ExtResource("6_f5env")]
transform = Transform3D(1, 0, 0, 0, 1, 0, 0, 0, 1, -24, 5, 74)

[node name="Enemy2" parent="Enemies" instance=ExtResource("6_f5env")]
transform = Transform3D(1, 0, 0, 0, 1, 0, 0, 0, 1, -15.6148, 5, 82.0821)

[node name="Enemy3" parent="Enemies" instance=ExtResource("6_f5env")]
transform = Transform3D(1, 0, 0, 0, 1, 0, 0, 0, 1, -9.65432, 5, 68.5446)

[node name="Enemy4" parent="Enemies" instance=ExtResource("6_f5env")]
transform = Transform3D(1, 0, 0, 0, 1, 0, 0, 0, 1, -90.1498, 5, 111.673)

[node name="Enemy5" parent="Enemies" instance=ExtResource("6_f5env")]
transform = Transform3D(1, 0, 0, 0, 1, 0, 0, 0, 1, -81.7647, 5, 119.755)

[node name="Enemy6" parent="Enemies" instance=ExtResource("6_f5env")]
transform = Transform3D(1, 0, 0, 0, 1, 0, 0, 0, 1, -75.8041, 5, 106.217)

[node name="Enemy7" parent="Enemies" instance=ExtResource("6_f5env")]
transform = Transform3D(1, 0, 0, 0, 1, 0, 0, 0, 1, 46.9828, 5, 131.841)

[node name="Enemy8" parent="Enemies" instance=ExtResource("6_f5env")]
transform = Transform3D(1, 0, 0, 0, 1, 0, 0, 0, 1, 55.368, 5, 139.923)

[node name="Enemy9" parent="Enemies" instance=ExtResource("6_f5env")]
transform = Transform3D(1, 0, 0, 0, 1, 0, 0, 0, 1, 61.3285, 5, 126.386)

[node name="Enemy10" parent="Enemies" instance=ExtResource("6_f5env")]
transform = Transform3D(1, 0, 0, 0, 1, 0, 0, 0, 1, 60.2809, 5, 137.16)

[node name="Enemy11" parent="Enemies" instance=ExtResource("6_f5env")]
transform = Transform3D(1, 0, 0, 0, 1, 0, 0, 0, 1, 68.666, 5, 145.242)

[node name="Enemy12" parent="Enemies" instance=ExtResource("6_f5env")]
transform = Transform3D(1, 0, 0, 0, 1, 0, 0, 0, 1, 74.6266, 5, 131.705)

[node name="Enemy13" parent="Enemies" instance=ExtResource("6_f5env")]
transform = Transform3D(1, 0, 0, 0, 1, 0, 0, 0, 1, -145.839, 5, -32.168)

[node name="Enemy14" parent="Enemies" instance=ExtResource("6_f5env")]
transform = Transform3D(1, 0, 0, 0, 1, 0, 0, 0, 1, -137.453, 5, -24.0859)

[node name="Enemy15" parent="Enemies" instance=ExtResource("6_f5env")]
transform = Transform3D(1, 0, 0, 0, 1, 0, 0, 0, 1, -131.493, 5, -37.6234)

[node name="Enemy16" parent="Enemies" instance=ExtResource("6_f5env")]
transform = Transform3D(1, 0, 0, 0, 1, 0, 0, 0, 1, -132.541, 5, -26.8488)

[node name="Enemy17" parent="Enemies" instance=ExtResource("6_f5env")]
transform = Transform3D(1, 0, 0, 0, 1, 0, 0, 0, 1, -124.155, 5, -18.7667)

[node name="Enemy18" parent="Enemies" instance=ExtResource("6_f5env")]
transform = Transform3D(1, 0, 0, 0, 1, 0, 0, 0, 1, -118.195, 5, -32.3042)

[node name="Enemy19" parent="Enemies" instance=ExtResource("6_f5env")]
transform = Transform3D(1, 0, 0, 0, 1, 0, 0, 0, 1, -83.1768, 5, -153.76)

[node name="Enemy20" parent="Enemies" instance=ExtResource("6_f5env")]
transform = Transform3D(1, 0, 0, 0, 1, 0, 0, 0, 1, -84.2244, 5, -142.985)

[node name="Enemy21" parent="Enemies" instance=ExtResource("6_f5env")]
transform = Transform3D(1, 0, 0, 0, 1, 0, 0, 0, 1, -75.8392, 5, -134.903)

[node name="Enemy22" parent="Enemies" instance=ExtResource("6_f5env")]
transform = Transform3D(1, 0, 0, 0, 1, 0, 0, 0, 1, -69.8787, 5, -148.44)

[node name="Enemy23" parent="Enemies" instance=ExtResource("6_f5env")]
transform = Transform3D(1, 0, 0, 0, 1, 0, 0, 0, 1, 111.7, 5, -91.1226)

[node name="Enemy24" parent="Enemies" instance=ExtResource("6_f5env")]
transform = Transform3D(1, 0, 0, 0, 1, 0, 0, 0, 1, 120.085, 5, -83.0405)

[node name="Enemy25" parent="Enemies" instance=ExtResource("6_f5env")]
transform = Transform3D(1, 0, 0, 0, 1, 0, 0, 0, 1, 126.046, 5, -96.578)

[node name="Enemy26" parent="Enemies" instance=ExtResource("6_f5env")]
transform = Transform3D(1, 0, 0, 0, 1, 0, 0, 0, 1, 53.6319, 5, -119.935)

[node name="Enemy27" parent="Enemies" instance=ExtResource("6_f5env")]
transform = Transform3D(1, 0, 0, 0, 1, 0, 0, 0, 1, 62.017, 5, -111.853)

[node name="Enemy28" parent="Enemies" instance=ExtResource("6_f5env")]
transform = Transform3D(1, 0, 0, 0, 1, 0, 0, 0, 1, 67.9775, 5, -125.39)

[node name="Enemy29" parent="Enemies" instance=ExtResource("6_f5env")]
transform = Transform3D(1, 0, 0, 0, 1, 0, 0, 0, 1, 47.4261, 5, -25.9622)
