[gd_scene load_steps=8 format=3 uid="uid://dlncxbyu6knnu"]

[ext_resource type="Script" path="res://game/world/World.cs" id="1_5ko7u"]
[ext_resource type="Environment" uid="uid://215iivnl60mc" path="res://vfx/underwater/UnderwaterEnv.tres" id="1_epucc"]
[ext_resource type="PackedScene" uid="uid://b1lqqe3xgrnta" path="res://game/world/deco/rock_formation.tscn" id="3_kdgex"]
[ext_resource type="PackedScene" uid="uid://dq55wi462pphb" path="res://game/world/floor.tscn" id="3_m0l6t"]
[ext_resource type="NavigationMesh" uid="uid://bjminj53hh5bp" path="res://game/world/navmesh.tres" id="4_lxvk3"]
[ext_resource type="PackedScene" uid="uid://bqv05go3gem4b" path="res://game/world/resources/forest.tscn" id="6_xq77n"]

[sub_resource type="PlaneMesh" id="PlaneMesh_y5x0i"]
size = Vector2(500, 500)

[node name="World" type="Node"]
script = ExtResource("1_5ko7u")

[node name="DirectionalLight3D" type="DirectionalLight3D" parent="."]
transform = Transform3D(-0.866024, -0.433016, 0.250001, 0, 0.499998, 0.866026, -0.500003, 0.749999, -0.43301, 0, 27.8105, 0)
shadow_enabled = true

[node name="WorldEnvironment" type="WorldEnvironment" parent="."]
environment = ExtResource("1_epucc")

[node name="Floor" parent="." instance=ExtResource("3_m0l6t")]

[node name="NavigationRegion" type="NavigationRegion3D" parent="."]
navigation_mesh = ExtResource("4_lxvk3")

[node name="SwimmableArea" type="MeshInstance3D" parent="NavigationRegion"]
process_mode = 4
transform = Transform3D(1, 0, 0, 0, 1, 0, 0, 0, 1, 0, 5, 0)
visible = false
mesh = SubResource("PlaneMesh_y5x0i")

[node name="RockFormation" parent="NavigationRegion" instance=ExtResource("3_kdgex")]
transform = Transform3D(0.842565, 0, -0.538594, 0, 1, 0, 0.538594, 0, 0.842565, -2.44209, -3.05176e-05, -91.715)

[node name="RockFormation2" parent="NavigationRegion" instance=ExtResource("3_kdgex")]
transform = Transform3D(0.5, 0, 0.866025, 0, 1, 0, -0.866025, 0, 0.5, -76.4754, 0, -51.8078)

[node name="RockFormation3" parent="NavigationRegion" instance=ExtResource("3_kdgex")]
transform = Transform3D(-0.258819, 9.05292e-09, 0.965926, -4.36678e-09, 1, -1.05424e-08, -0.965926, -6.94655e-09, -0.258819, -39.6649, 0, 24.0512)

[node name="RockFormation4" parent="NavigationRegion" instance=ExtResource("3_kdgex")]
transform = Transform3D(-0.965926, 0, -0.258819, 0, 1, 0, 0.258819, 0, -0.965926, 81.375, 0, 74.8647)

[node name="RockFormation5" parent="NavigationRegion" instance=ExtResource("3_kdgex")]
transform = Transform3D(-0.258819, 0, -0.965926, 0, 1, 0, 0.965926, 0, -0.258819, 128.647, 0, -14.6034)

[node name="RockFormation6" parent="NavigationRegion" instance=ExtResource("3_kdgex")]
transform = Transform3D(0.965926, 1.48943e-09, -0.258819, -4.36679e-09, 1, -1.05424e-08, 0.258819, 1.13133e-08, 0.965926, 40.0961, 0, -198.916)

[node name="RockFormation7" parent="NavigationRegion" instance=ExtResource("3_kdgex")]
transform = Transform3D(-0.0582957, 0, 0.998299, 0, 1, 0, -0.998299, 0, -0.0582957, -208.145, 0, 29.9851)

[node name="RockFormation8" parent="NavigationRegion" instance=ExtResource("3_kdgex")]
transform = Transform3D(0.00705114, 0, 0.999975, 0, 1, 0, -0.999975, 0, 0.00705114, -175.601, 0, 98.3112)

[node name="RockFormation9" parent="NavigationRegion" instance=ExtResource("3_kdgex")]
transform = Transform3D(-0.641677, 5.28365e-09, 0.766975, -4.36678e-09, 1, -1.05424e-08, -0.766975, -1.0114e-08, -0.641677, -108.152, 0, 148.948)

[node name="RockFormation10" parent="NavigationRegion" instance=ExtResource("3_kdgex")]
transform = Transform3D(-0.889568, 0, 0.456803, 0, 1, 0, -0.456803, 0, -0.889568, -68.5418, 0, 200.746)

[node name="RockFormation11" parent="NavigationRegion" instance=ExtResource("3_kdgex")]
transform = Transform3D(-0.857823, 0, 0.513946, 0, 1, 0, -0.513946, 0, -0.857823, 6.84454, 0, 207.413)

[node name="RockFormation12" parent="NavigationRegion" instance=ExtResource("3_kdgex")]
transform = Transform3D(-0.986589, -6.02897e-09, -0.163223, -4.36679e-09, 1, -1.05424e-08, 0.163223, -9.68821e-09, -0.986589, 84.7203, 0, 175.029)

[node name="RockFormation13" parent="NavigationRegion" instance=ExtResource("3_kdgex")]
transform = Transform3D(-0.835405, 0, -0.549635, 0, 1, 0, 0.549635, 0, -0.835405, 142.973, 0, 168.363)

[node name="RockFormation14" parent="NavigationRegion" instance=ExtResource("3_kdgex")]
transform = Transform3D(-0.869529, 0, -0.493881, 0, 1, 0, 0.493881, 0, -0.869529, 185.873, 0, 106.016)

[node name="RockFormation15" parent="NavigationRegion" instance=ExtResource("3_kdgex")]
transform = Transform3D(-0.343381, -1.14008e-08, -0.939196, -4.36679e-09, 1, -1.05424e-08, 0.939196, 4.81222e-10, -0.343381, 196.001, 0, 22.2851)

[node name="RockFormation16" parent="NavigationRegion" instance=ExtResource("3_kdgex")]
transform = Transform3D(0.0491808, 0, -0.99879, 0, 1, 0, 0.99879, 0, 0.0491808, 221.054, 0, -37.9176)

[node name="RockFormation17" parent="NavigationRegion" instance=ExtResource("3_kdgex")]
transform = Transform3D(-0.0161786, 0, -0.999869, 0, 1, 0, 0.999869, 0, -0.0161786, 189.136, 0, -106.538)

[node name="RockFormation18" parent="NavigationRegion" instance=ExtResource("3_kdgex")]
transform = Transform3D(0.63465, -5.37575e-09, -0.7728, -4.36679e-09, 1, -1.05424e-08, 0.7728, 1.00654e-08, 0.63465, 122.152, 0, -157.788)

[node name="RockFormation19" parent="NavigationRegion" instance=ExtResource("3_kdgex")]
transform = Transform3D(0.998202, 3.72709e-09, -0.0599336, -4.36679e-09, 1, -1.05424e-08, 0.0599336, 1.07851e-08, 0.998202, -38.3102, 0, -199.537)

[node name="RockFormation20" parent="NavigationRegion" instance=ExtResource("3_kdgex")]
transform = Transform3D(0.942839, 0, 0.333247, 0, 1, 0, -0.333247, 0, 0.942839, -103.167, 0, -206.293)

[node name="RockFormation21" parent="NavigationRegion" instance=ExtResource("3_kdgex")]
transform = Transform3D(0.962597, 0, 0.270936, 0, 1, 0, -0.270936, 0, 0.962597, -159.767, 0, -156.054)

[node name="RockFormation22" parent="NavigationRegion" instance=ExtResource("3_kdgex")]
transform = Transform3D(0.5586, 1.11835e-08, 0.829437, -4.36678e-09, 1, -1.05424e-08, -0.829437, 2.26698e-09, 0.5586, -189.68, 0, -77.1959)

[node name="RockFormation23" parent="NavigationRegion" instance=ExtResource("3_kdgex")]
transform = Transform3D(-0.815804, 2.53449e-09, 0.578328, -4.36678e-09, 1, -1.05424e-08, -0.578328, -1.11259e-08, -0.815804, 101.282, -1.90735e-05, 48.7179)

[node name="RockFormation24" parent="NavigationRegion" instance=ExtResource("3_kdgex")]
transform = Transform3D(-0.882324, 1.10876e-09, 0.470642, -4.36679e-09, 1, -1.05424e-08, -0.470642, -1.1357e-08, -0.882324, -68.8737, -1.52588e-05, 51.2793)

[node name="Resources" type="Node" parent="."]

[node name="Forest" type="Node" parent="Resources"]

[node name="Forest" parent="Resources/Forest" instance=ExtResource("6_xq77n")]
transform = Transform3D(0.883316, 0, 0.468778, 0, 1, 0, -0.468778, 0, 0.883316, -6.62716, -0.499446, 1.75393)

[node name="Forest2" parent="Resources/Forest" instance=ExtResource("6_xq77n")]
transform = Transform3D(0.994305, 0, -0.106576, 0, 1, 0, 0.106576, 0, 0.994305, -21.0232, -0.499446, -59.4798)

[node name="Forest3" parent="Resources/Forest" instance=ExtResource("6_xq77n")]
transform = Transform3D(0.994305, 0, -0.106576, 0, 1, 0, 0.106576, 0, 0.994305, -8.45198, -0.499446, -47.5169)

[node name="Forest4" parent="Resources/Forest" instance=ExtResource("6_xq77n")]
transform = Transform3D(0.994305, 0, -0.106576, 0, 1, 0, 0.106576, 0, 0.994305, 29.4643, -0.499446, 52.8496)

[node name="Forest5" parent="Resources/Forest" instance=ExtResource("6_xq77n")]
transform = Transform3D(0.994305, 0, -0.106576, 0, 1, 0, 0.106576, 0, 0.994305, -41.9075, -0.499446, 95.8349)

[node name="Forest6" parent="Resources/Forest" instance=ExtResource("6_xq77n")]
transform = Transform3D(0.994305, 0, -0.106576, 0, 1, 0, 0.106576, 0, 0.994305, -66.6443, -0.499446, 95.0238)

[node name="Forest7" parent="Resources/Forest" instance=ExtResource("6_xq77n")]
transform = Transform3D(0.994305, 0, -0.106576, 0, 1, 0, 0.106576, 0, 0.994305, -61.1698, -0.499446, 110.839)

[node name="Forest8" parent="Resources/Forest" instance=ExtResource("6_xq77n")]
transform = Transform3D(0.994305, 0, -0.106576, 0, 1, 0, 0.106576, 0, 0.994305, 81.371, -0.499446, 121.18)

[node name="Forest9" parent="Resources/Forest" instance=ExtResource("6_xq77n")]
transform = Transform3D(0.994305, 0, -0.106576, 0, 1, 0, 0.106576, 0, 0.994305, 47.9155, -0.499446, 133.143)

[node name="Forest10" parent="Resources/Forest" instance=ExtResource("6_xq77n")]
transform = Transform3D(0.994305, 0, -0.106576, 0, 1, 0, 0.106576, 0, 0.994305, -86.7069, -0.499446, 89.6563)

[node name="Forest11" parent="Resources/Forest" instance=ExtResource("6_xq77n")]
transform = Transform3D(0.994305, 0, -0.106576, 0, 1, 0, 0.106576, 0, 0.994305, -164.752, -0.499446, -27.8842)

[node name="Forest12" parent="Resources/Forest" instance=ExtResource("6_xq77n")]
transform = Transform3D(0.994305, 0, -0.106576, 0, 1, 0, 0.106576, 0, 0.994305, -159.785, -0.499446, -12.0387)

[node name="Forest13" parent="Resources/Forest" instance=ExtResource("6_xq77n")]
transform = Transform3D(0.994305, 0, -0.106576, 0, 1, 0, 0.106576, 0, 0.994305, -154.109, -0.499446, 2.62431)

[node name="Forest14" parent="Resources/Forest" instance=ExtResource("6_xq77n")]
transform = Transform3D(0.306244, 0, -0.951953, 0, 1, 0, 0.951953, 0, 0.306244, -140.392, -0.499446, -10.6197)

[node name="Forest15" parent="Resources/Forest" instance=ExtResource("6_xq77n")]
transform = Transform3D(0.306244, 0, -0.951953, 0, 1, 0, 0.951953, 0, 0.306244, -115.087, -0.499446, -117.991)

[node name="Forest16" parent="Resources/Forest" instance=ExtResource("6_xq77n")]
transform = Transform3D(0.306244, 0, -0.951953, 0, 1, 0, 0.951953, 0, 0.306244, -118.871, -0.499446, -101.199)

[node name="Forest17" parent="Resources/Forest" instance=ExtResource("6_xq77n")]
transform = Transform3D(0.306244, 0, -0.951953, 0, 1, 0, 0.951953, 0, 0.306244, -95.2209, -0.499446, -113.024)

[node name="Forest18" parent="Resources/Forest" instance=ExtResource("6_xq77n")]
transform = Transform3D(0.306244, 0, -0.951953, 0, 1, 0, 0.951953, 0, 0.306244, 45.0236, -0.499446, -159.378)

[node name="Forest19" parent="Resources/Forest" instance=ExtResource("6_xq77n")]
transform = Transform3D(0.306244, 0, -0.951953, 0, 1, 0, 0.951953, 0, 0.306244, 27.2861, -0.499446, -153.229)

[node name="Forest20" parent="Resources/Forest" instance=ExtResource("6_xq77n")]
transform = Transform3D(-0.997442, 0, -0.0714802, 0, 1, 0, 0.0714802, 0, -0.997442, 0.0886059, -0.499446, -157.723)

[node name="Forest21" parent="Resources/Forest" instance=ExtResource("6_xq77n")]
transform = Transform3D(-0.997442, 0, -0.0714802, 0, 1, 0, 0.0714802, 0, -0.997442, -36.5689, -0.499446, -167.183)

[node name="Forest22" parent="Resources/Forest" instance=ExtResource("6_xq77n")]
transform = Transform3D(-0.997442, 0, -0.0714802, 0, 1, 0, 0.0714802, 0, -0.997442, -22.1424, -0.499446, -157.959)

[node name="Forest23" parent="Resources/Forest" instance=ExtResource("6_xq77n")]
transform = Transform3D(-0.997442, 0, -0.0714802, 0, 1, 0, 0.0714802, 0, -0.997442, 140.333, -0.499446, -67.8527)

[node name="Forest24" parent="Resources/Forest" instance=ExtResource("6_xq77n")]
transform = Transform3D(-0.484809, 0, -0.87462, 0, 1, 0, 0.87462, 0, -0.484809, 133.948, -0.499446, -78.9682)
